3 0 1 455
0 146 500 1 200
2 161 50 0 0
2 214 50 0 0
2 267 50 0 0
2 320 50 0 0
2 373 50 0 0
2 426 50 0 0
2 479 50 0 0
2 532 50 0 0
2 585 50 0 0
2 638 50 0 0
2 691 50 0 0
1 161 87 1
1 214 87 1
1 267 87 1
1 320 87 1
1 373 87 1
1 426 87 1
1 479 87 1
1 532 87 1
1 585 87 1
1 638 87 1
1 691 87 1
1 161 124 2
1 214 124 2
1 267 124 2
1 320 124 2
1 373 124 2
1 426 124 2
1 479 124 2
1 532 124 2
1 585 124 2
1 638 124 2
1 691 124 2
1 161 161 2
1 214 161 2
1 267 161 2
1 320 161 2
1 373 161 2
1 426 161 2
1 479 161 2
1 532 161 2
1 585 161 2
1 638 161 2
1 691 161 2
4 88 400 3 2
4 622 400 3 1
4 622 400 3 0
5 10 0 481 1
6 257 543 r
6 469 530 r
6 214 410 r
6 426 348 r
6 585 335 r
6 638 213 r
6 161 52 r
7 0
