0 334 500 1 200
2 168 50 0 9
2 221 50 0 8
2 327 50 0 6
2 380 50 0 5
2 433 50 0 11
2 486 50 0 6
2 539 50 0 6
2 592 50 0 6
2 645 50 0 9
2 698 50 0 10
1 168 87 1
1 221 87 1
1 327 87 1
1 380 87 1
1 433 87 1
1 486 87 1
1 539 87 1
1 592 87 1
1 645 87 1
1 698 87 1
1 168 124 2
1 221 124 2
1 327 124 2
1 380 124 2
1 486 124 2
1 539 124 2
1 592 124 2
1 645 124 2
1 698 124 2
1 168 161 2
1 221 161 2
1 327 161 2
1 380 161 2
1 486 161 2
1 539 161 2
1 592 161 2
1 645 161 2
1 698 161 2
4 88 400 3 1
4 622 400 3 2
4 622 400 3 0
6 262 483 r
6 368 483 r
6 580 483 r
6 530 387 r
6 213 238 a
6 427 291 r
6 168 99 r
7 90
