3 1 -1 240
0 349 500 1 200
2 211 60 0 0
2 264 60 0 0
2 317 60 0 0
2 370 60 0 0
2 423 60 0 0
2 476 60 0 0
2 529 60 0 0
2 582 60 0 0
2 635 60 0 0
2 688 60 0 0
2 741 60 0 0
1 211 97 1
1 264 97 1
1 317 97 1
1 370 97 1
1 476 97 1
1 529 97 1
1 582 97 1
1 635 97 1
1 688 97 1
1 741 97 1
1 211 134 2
1 264 134 2
1 317 134 2
1 370 134 2
1 529 134 2
1 582 134 2
1 635 134 2
1 688 134 2
1 741 134 2
1 211 171 2
1 370 171 2
1 582 171 2
1 635 171 2
1 688 171 2
1 741 171 2
5 10 0 351 1
274 420 327 303 6 410 302 a
423 225 6 635 105 r
6 264 87 r
7 0
