3 0 1 394
0 169 500 1 200
2 171 50 0 0
2 224 50 0 0
2 277 50 0 0
2 330 50 0 0
2 383 50 0 0
2 489 50 0 0
2 542 50 0 0
2 595 50 0 0
2 648 50 0 0
2 701 50 0 0
1 171 87 1
1 224 87 1
1 277 87 1
1 330 87 1
1 383 87 1
1 489 87 1
1 542 87 1
1 595 87 1
1 648 87 1
1 701 87 1
1 171 124 2
1 224 124 2
1 277 124 2
1 330 124 2
1 383 124 2
1 489 124 2
1 542 124 2
1 595 124 2
1 648 124 2
1 701 124 2
1 224 161 2
1 277 161 2
1 330 161 2
1 489 161 2
1 542 161 2
1 595 161 2
1 648 161 2
1 701 161 2
4 88 400 3 1
4 266 400 3 1
4 444 400 3 0
4 622 400 3 0
4 622 400 3 0
6 232 264 a
7 90
