0 40 50 1 200
2 12.3 5 0 9
2 17.6 5 0 7
2 22.9 5 0 6
2 28.2 5 0 7
2 33.5 5 0 7
2 38.8 5 0 9
2 44.1 5 0 6
2 49.4 5 0 5
2 54.7 5 0 8
2 60 5 0 7
2 65.3 5 0 9
1 12.3 8.7 1
1 17.6 8.7 1
1 22.9 8.7 1
1 28.2 8.7 1
1 33.5 8.7 1
1 38.8 8.7 1
1 44.1 8.7 1
1 49.4 8.7 1
1 54.7 8.7 1
1 60 8.7 1
1 65.3 8.7 1
1 12.3 12.4 2
1 17.6 12.4 2
1 22.9 12.4 2
1 28.2 12.4 2
1 33.5 12.4 2
1 38.8 12.4 2
1 44.1 12.4 2
1 49.4 12.4 2
1 54.7 12.4 2
1 60 12.4 2
1 65.3 12.4 2
1 12.3 16.1 2
1 17.6 16.1 2
1 22.9 16.1 2
1 28.2 16.1 2
1 33.5 16.1 2
1 38.8 16.1 2
1 44.1 16.1 2
1 49.4 16.1 2
1 54.7 16.1 2
1 60 16.1 2
1 65.3 16.1 2
4 8.8 40 3 0
4 26.6 40 3 0
4 44.4 40 3 0
4 62.2 40 3 0
4 62.2 40 3 0
6 40 27 a
6 40 31.02 a
6 40 35.04 a
6 40 39.06 a
6 40 43.08 a
7 0
